4.429139218778706422e+00 -2.234011414077046620e+00 6.430290474958165470e-02
-1.177855924055233316e+01 3.756381144445806175e+00 -4.425762563081968359e+00
3.884657179508769209e-01 -8.057851398469892956e-01 5.252664452201866174e-01
-4.388079013186129806e+00 -7.754919118274568035e+00 4.301672997252654618e-01
-4.438499930157092654e-01 -2.260148024095995467e+00 -1.341687546868667091e+00
-1.859118767069123379e-01 1.092176683624979328e+00 8.948189186406675377e-01
-8.908276949926574595e-01 2.454324474951250223e-01 8.569772134819989007e-02
-2.377172237377388198e-01 -8.701496289912468152e-01 -1.130416557811024347e+00
-4.049278563004946596e-01 -4.255941275403839902e-02 1.691396789892834762e-01
3.105129251570196924e+00 -5.702824025230488619e-02 4.046873650834114655e-01
1.441924201639191550e+00 -6.891807437972953920e+00 1.191497618429616878e+01
-1.089422506694331494e+00 -7.386614367496534550e-01 -2.657693450681699154e+00
-2.777077371223557467e+00 2.835918392501783458e+00 8.501673846419418368e+00
-4.027824069433906251e-01 3.519644430752563724e-01 -5.351323442190435847e-02
-1.108510004447803343e+00 1.361186858506951758e+00 6.548017937099902541e-01
-9.736323304334671969e-01 1.421285319209683040e-01 -6.368224021669058876e-01
2.932019641770762242e+00 -2.650987574460809348e+00 -3.072059039832319982e-01
-1.871055698405978518e+00 3.356514521989204969e+00 3.966856412925159781e+00
5.653888865175312972e+00 -3.574172678734364172e+00 -6.990216618322508957e+00
-8.041417205652163780e-01 -4.943937256796246515e+00 -8.446125073447580789e+00
1.161731002549060143e-02 5.582813328016702492e-01 -7.928447472119770395e-05
7.730773098097540874e+00 -1.798700923105670313e+00 -2.184364045293448964e+00
6.679372741537120461e+00 1.738611526241365945e+00 1.202312392765716886e+00
-2.139285471029144237e+00 2.837417423873732858e+00 2.777289097628740766e+00
-5.378834088130893809e-01 -3.199259577884559835e+00 -5.983245876557771181e-01
3.129876210489050070e+00 3.827886996490870164e+00 7.013771532916860174e+00
3.530477323432386960e+00 8.575071968300037595e-01 -4.387950173534523046e-02
-7.802444878666374706e+00 -2.277331754345178982e+00 3.827833527919796808e+00
-5.839218738566563927e-01 9.921369071769814418e-01 2.050054850782767613e+00
2.902138726074259822e-01 -2.135604993119926964e-01 1.770843215224653655e-01
-1.427904893850278911e-01 -3.522208304767433518e-01 -1.040525070792732917e-02
-4.521693049160253608e+00 -4.098554122350251738e+00 2.347923471523332584e+00
3.377734567260815446e+00 -3.416301921258300567e+00 -2.803521086194561196e+00
1.516256678326662610e-01 2.317448823898493604e-01 -1.537654921033319855e-01
1.227297974438686934e+00 3.793070658734251310e+00 1.761121486422452698e+00
1.521400493383241681e+01 -1.161559819741066946e+01 1.921329542517999656e+01
-9.328659155326400665e+00 2.163646291738789418e-01 -1.339000790160896459e+00
4.507791731208359853e-01 6.051626401455071358e-01 3.855578558973111747e-01
-1.551317002055943695e+00 1.863993403299762930e+00 3.199864641049463998e+00
-2.288413433136849751e+00 5.306135230988646700e-01 3.000404825839711798e+00
4.325554790997727106e-01 7.018105282511404308e-01 9.947200261653696418e-02
2.240706062137096666e+00 -8.329200455713565709e-01 3.505302720460372612e+00
-6.902802543462269735e-01 -1.751640486224516347e-01 1.013234009869785845e+00
-3.750722692026899452e+00 2.113931878145132170e+00 2.894521685533769428e+00
1.375585328285248293e-02 -5.380463160125226879e-02 4.655455222219510025e-01
-1.344418874682628273e-01 8.057614957130760924e-01 1.453046253577160662e+00
1.598625848066485222e+00 -1.249836516813165987e+00 9.956613771197817542e-01
4.376506560128589629e-01 -9.675308936629298806e-01 1.409332021065207441e-01
1.022308145546548142e+00 -8.875593950279926148e+00 -1.106862406564409484e+00
7.310997261392133240e+00 -2.770583918428235481e+00 2.010912830322704625e+00
-2.329844172638019517e-01 1.523910685750152094e+00 6.201739055400502520e-01
-7.536472676796733827e-01 9.764256604937378015e-01 1.042258987545412019e+00
4.837208822976196143e-01 -8.128264134161937715e-01 3.530702788029073669e-01
3.117448928633074767e-01 -8.245614110196366475e-01 4.275803077813614128e-01
-6.825745725419057885e-02 2.570105969109894306e-01 4.713025440462916826e-01
-3.639779957866792426e+00 2.227112588059139586e+00 -4.091017091002137285e+00
5.411508889730948235e-01 -3.195765098817566319e+00 -4.897020137877368118e-01
-3.856272109064060150e+00 1.660034455117628704e+00 9.229126996083550916e-01
1.227135619965807578e+01 3.382840099309450288e+00 1.449101298173269159e+00
5.214674112558776407e-03 1.421501047855994876e-02 -1.019377097203817695e-02
-2.444587571648052293e+00 5.339668900016248942e-01 1.561035140658223463e+00
9.037092511444455578e-02 1.334407129168152295e+00 -2.356614509274682426e-02
-1.868800061121461686e+00 6.529355975595650952e-01 -1.838498579526064436e+00
1.034882534151787103e+00 -1.281467536150767472e+00 2.669254779354220286e+00
-1.467803196389208420e+00 -1.572241710024609163e-01 -8.891990564688458942e-01
-3.505821273952275163e+00 -2.541759940320753142e+00 1.480831314512630337e-01
1.302493215237411128e+00 1.551531079892099152e+00 -1.139387245375798274e+00
2.729428936385731141e+00 -2.317238106308482148e+00 3.804101328282105121e-01
-2.456343792543154603e+00 -1.729490291314049522e+00 7.013733193435816027e-01
-1.231723838073638833e+00 1.723312330407293036e+00 -1.900942434983620810e+00
8.138739574394826537e-01 2.880469052271400265e+00 -1.356399211794618864e-01
-8.016573179432308072e-01 1.921069993654286767e+00 -1.079431631264116398e-01
1.345436488074226666e+00 9.361817932161833333e-01 -8.094817989895390919e-01
-1.508251293784319813e+01 -1.892229372293553880e+01 1.540663681580704036e+01
4.506663147553347848e+00 -8.691696004656362717e+00 2.798683535015007884e+00
-2.705941785101405372e+00 -1.382142377906939501e+00 -6.249942695725136943e-01
9.445831997990298490e+00 -6.733734502051448578e-02 -4.172355434672921248e+00
-5.301639392374455327e-03 -5.244949314719838940e-01 -7.077687913882420301e-02
-6.623950121091938037e+00 4.389552519376180989e-02 3.351750588226759309e+00
-1.846369932624507326e+00 3.103469004019563382e-01 -4.486818609814233194e-01
1.238598964860142315e+00 -6.915634311678658941e-01 9.551809350248280372e-01
1.688671502264790902e+00 2.907967862619894039e-01 -5.620236551907506595e+00
2.422753116242930993e+00 3.867855216835694332e+00 -6.760920395895566593e+00
3.100569244847767969e+00 1.567911972438527923e-01 -5.800328741734865901e-01
1.940168463048473901e-01 5.935563219302479876e-01 -1.002538314804890529e+00
-3.411561605515368356e+00 5.472594286515659157e+00 -1.289894777429236306e-01
-8.036532433421964550e-01 4.234461367386972430e-01 -6.183384862858439801e-01
-9.633848954889238314e+00 4.754716335079069545e+00 7.534187828468840387e+00
1.649095398818330693e+01 -4.338869918049391039e+00 5.522447266917207109e+00
-3.055063555995376490e+00 2.620072367773575106e+00 2.834945743256152895e+00
-1.128964088043093172e-01 -8.703218926650603537e-02 1.830014907667586177e-01
-2.021065460853966211e+00 -4.316192432248156408e+00 8.185355541782216804e+00
1.615649665688626280e-01 5.159594277101625659e-01 4.139242071298025460e-01
8.259934766482102120e+00 -1.026129066153760050e+01 1.600562402159351194e+01
-9.243079174304106305e-01 3.236404869311473864e-01 4.050360477358384559e-01
-2.939156390939151042e-01 1.815510233556356101e-01 -9.288949516960595676e-02
-1.648286913488095431e-02 3.448599476748649417e-01 -4.510342852452063234e+00
6.253709932677771199e-01 6.055819968471024689e-02 -6.017426981517289830e-01
1.461710078972459748e+00 1.797014883629293402e+00 1.021351517890465299e+00
2.975183080854458262e-01 1.057191932512967725e+00 -3.234482654334153384e+00
-5.090015988030054395e-01 -2.451385595178277921e+00 3.549310683488561269e-01
8.113260205339924980e-01 -3.590379771008924248e+00 -1.960563356058381279e+00
-7.664870199662358052e-01 4.236440641180204913e+00 2.461702785537727145e+00
2.665145283602924131e+00 1.317964975438139508e+00 7.993391661178327334e-01
-6.404450290817880198e-01 -1.666480115618359292e+00 -5.695045615075193801e-01
1.101863033564202815e-01 -1.095108651373265518e+00 4.843143298020512189e-02
-1.206045330321301040e-01 4.365007799754844903e-02 -2.431427294902575920e+00
1.978103266603940424e+00 -3.511698918718625162e+00 1.147697191354678292e+00
1.429144527078300975e+00 3.086973503801083041e+00 3.258738810992968027e+00
1.417222834926388453e+00 5.289866103477113696e-02 -9.985047418027174215e-01
4.233344590912414551e-01 1.434636724444245393e-01 2.557246931795471578e-01
1.130672519343733917e+01 -8.692247539924974120e+00 -5.556236288623153108e-01
-1.631888300299828121e+00 5.115568643366203982e-01 1.753452014316468355e-01
-4.009933110836916281e-01 2.331054548900921120e+00 -1.621671899396826655e+00
-2.971980808656879525e+00 -3.788717111918883163e+00 3.189600967941681464e+00
1.590620217920477586e+00 3.982579344768186758e+00 1.881683291061204244e+00
-1.274301371338210309e+01 5.603268383153293897e+00 1.872215684065174079e-01
2.679158416139931109e+00 1.516914395797978266e+00 -2.137688685613101658e+00
2.192122457617975861e+00 -9.158800885344473008e-02 1.671069560169999191e+00
-5.552600293563710210e+00 -4.863894032819199076e+00 5.540596109334068764e+00
-1.843170260381096215e+00 -1.612661561647407371e+00 8.525829721090826263e-01
-5.063287114665103950e+00 4.968205470872428364e+00 6.672678210466554738e+00
3.832145513010975363e-02 8.865281691657330709e-01 -4.697373917319844772e-01
2.146848035693571966e+00 4.172161923933477290e+00 7.110494188404500315e-01
3.294295376825554733e+00 1.582117803480272311e+00 7.012872635339369998e-01
-4.442128587986456378e-01 2.084452283310546328e+00 4.650908328523071789e-01
7.198954574930348516e-01 -3.857511048539090659e-01 2.707478192697406527e+00
1.256509593619419274e-01 -9.575613288641376952e-01 3.937403206615752160e-01
1.432896701561511144e+01 1.854379162596416108e+00 -4.011514416998006816e+00
1.819024295825284687e+00 1.284479923015599656e+00 2.207083917553790187e+00
3.500711946140961928e+00 2.806162642176529554e-01 -2.593019902418389755e+00
-7.690524450516611488e+00 -1.067869816094321855e+01 3.172325078614569804e+00
-1.987231116884161652e+00 -5.129779440181606809e+00 8.774030128419093799e+00
-1.783434219148682942e+00 -3.184428111544782780e+00 -9.040157448977605981e-01
6.490299395740482424e+00 7.330865401971684570e-01 -1.027643977261884611e+00
5.207926663884538954e+00 -8.123841083500321858e+00 -6.773403700444566411e+00
-2.466791227450756452e+01 -1.151781191657394743e+01 1.761176189781839696e+01
-1.316705677176780220e+00 1.010554961174467525e+00 -1.711637144910192587e+00
3.269308048520539689e+00 1.093478315300167036e+00 1.231990773326059241e+01
-1.570876937725151024e+00 3.120745319738440049e+00 1.656797031111453711e+00
-3.089111688384578613e+00 -3.584169722749712239e+00 -4.314309562594473291e-01
2.815722311644555109e-01 -1.262585589380557760e+00 -7.735905149488871979e-01
3.925102660491216255e+00 1.547159282797363034e+00 3.400517879270632537e+00
-9.703250728795206892e-02 5.631628894426381482e-01 5.529320419657288710e-01
-2.863456563852017078e-01 7.514706731409284135e-01 2.954704981045618850e-01
-6.101102355574774094e+00 1.624571498233596811e+00 1.558196371316222351e+00
-7.539029072657572605e-01 3.200762340482397605e-01 1.550456819514477724e-01
6.106628826440641866e+00 1.752416790179884609e+00 -4.251839427314116904e+00
8.723039057947636898e-01 -1.298671440727009685e+00 2.036321953947870078e+00
1.307001440672735382e-01 -7.726265447090867156e+00 4.406562850185575364e+00
1.514019084673146609e-01 2.393322915283032648e-01 -6.081631768018146422e-01
7.010386245286570617e-01 -3.312816549480972927e+00 -3.345592955181913020e+00
5.439212320365162112e-01 7.599492801845525669e+00 -9.726147733705666099e+00
-6.564692676304077601e+00 -6.499402428341395144e+00 3.286345834439440949e+00
-7.023638051383978009e-01 -6.190658911947939380e-01 1.332405550794056648e+00
3.788678437648275721e-01 3.876148542678929942e+00 6.377822647481096396e+00
-5.515036934962871396e-01 -4.065158424645263779e-01 1.552359127023143381e+00
-2.335602771768790831e+00 -5.402214784966792749e+00 -3.327321081321598761e+00
-1.751764937240704256e+00 -2.841511435850527345e+00 1.183371568295856768e+00
-3.872542410254917744e+00 -8.084064064440330100e+00 1.277437156067881929e+01
2.716942539038089133e-01 4.907582003181089059e-01 2.853793726083311832e-01
-9.191212421650643005e-01 9.947828792934205744e-01 -9.221703903793044832e-01
-1.886502898770300585e-01 6.716533826282816699e-01 1.109371325522500173e+00
7.449016414899424232e-01 -4.464840480314120064e-01 5.453278272098707191e-01
5.740854780840575877e+00 7.800281339594596908e+00 1.301740251467416343e+01
2.028475839342575249e+00 1.661399405786971040e-01 8.300539451580991879e-02
-8.173629582443744823e+00 -3.475340771063706757e+00 -5.555104199660028108e-01
4.108199604689899864e+00 -2.013344739480314338e+00 -1.988888670881435949e+00
-3.102963275724508208e+01 1.512512639406859094e+01 -1.825926575376284333e+01
3.482167783077813050e-01 3.111314326487629511e+00 -1.740893967965964295e+00
3.552376055873920357e+00 -1.072211696346615228e-01 -1.054411038158192815e+00
8.885945127204072369e-01 4.372699094990031843e-01 4.868423008438415023e-01
1.213570258384990330e+00 2.396957380968039342e+00 6.414594129510657883e-01
1.164565578899478648e+00 -5.746417033314908274e+00 1.057542379689974332e+01
9.189476956757052228e-01 -6.891690543178887740e-01 6.750094933954580156e-01
-6.145010024053363384e-01 2.208414583856930680e+00 1.546831672377936284e+00
-1.017764977100078738e+00 3.408399881498018757e+00 -7.715807695673236211e+00
8.362165837824827364e+00 -6.716161199066245091e-01 6.829068479765625810e+00
-1.343237354903606517e+00 7.264680660143224555e-01 3.036209346144573828e+00
2.576000977604953945e+00 -3.519601101495142825e-01 -1.460434962660194680e+00
8.456572421517533300e+00 4.566959920467128065e+00 -8.627123173929797773e+00
2.609560980068882596e+00 -3.613157641946843635e-01 -1.054882873593465886e+00
-4.444689569202188786e-03 1.395236729670732423e-01 -1.616612681298905951e-01
-1.163170838132147278e+00 -3.448485726558089937e+00 -6.643081745702648089e-01
5.377425518603600185e-01 -2.516216015508768056e+00 -2.792814948585330637e+00
8.358626500329606746e-01 1.724298139471115154e-01 5.171251622641437340e-01
-2.473826447997153455e+00 -1.829913686426724029e+00 -4.836846633810898410e+00
4.124927261744870677e+00 7.942337907499932292e+00 -7.004569458977245588e-01
-1.336228048720184691e-01 -5.149605055371635903e-02 -3.483687286612093814e+00
2.031391266796110706e+00 -6.366521415999958355e-01 -1.143958762854039302e+00
-2.772577639107413283e+00 1.029056985556136672e+00 4.580359453522352631e+00
5.235141763627438882e-01 -2.459362211229725592e-01 4.341300990861325648e-02
-7.867249852457554038e-01 -1.858273506132688713e+00 7.334232363925731191e-01
-3.802917676836453875e+00 -4.350546586324196774e+00 -1.091595181371783907e+00
-5.683888594663534244e-01 -6.114549746124013918e-01 6.090812511241634475e-01
-2.786665871946991224e+00 -1.011714168318226248e+00 1.573661150202450454e+00
3.274359450462807519e+00 3.045177706068906698e+00 -2.133797489522298196e+00
2.038287591486497963e+00 1.877653129295532075e+00 -3.395450631963952581e+00
4.396871899858735833e-01 1.582364896996734105e+00 2.348862624093016827e+00
5.250672720082493861e+00 1.531168690696743617e+01 6.305269000838110927e+00
4.837823654036967902e+00 3.900938654252178672e+00 7.056155818672236180e-01
5.904590077394366254e+00 -3.205016437450410205e+00 6.558116851526984092e+00
6.782899825916154368e-01 5.886100041283781614e+00 6.291886737724965428e-01
-1.145690631172507024e+00 5.099055476136981291e+00 1.041380814444560876e+00
-1.962323894338802166e+00 -4.999527392234686118e-01 -1.156480988314346980e+00
4.853950374726653472e+00 2.270899213904130409e+00 1.098256621579275782e-02
-4.396858801072593970e+00 2.850907659244101389e+00 9.406019949019706061e-01
1.022681996809934546e+00 4.491158366345798236e-01 -8.692710729347506993e-01
-5.121452808345176855e-02 3.796094046466827354e+00 -3.265147980737447941e+00
2.129102083126246103e-01 8.332434824452378264e-02 3.622994534616295614e-01
-2.516616180200662578e-01 2.782492781077313904e+00 2.470162419591476866e+00
-7.629077408356846668e+00 -2.522661572979625344e+00 -2.305293591572842082e+00
1.960398897221095282e+00 2.329253100541266441e+00 -2.379230492693975130e+00
-1.338028175275420839e+00 -7.579530632230772058e-01 -6.173939657106473078e+00
-4.595765251501979926e-02 1.835208859266692083e-01 -3.473253566143711391e-01
9.379502487105893793e-02 -3.678390555104687376e+00 -4.285533948184498398e-01
-2.441361194322988759e-01 6.926490711866378769e-01 2.443623658970395240e+00
-8.247132174645782979e-03 5.666900435424012533e-02 -8.735503110275824601e-02
-1.884174813926349223e+00 1.420180504593001380e+00 -1.452441704208151663e+00
-3.475273181978684733e-01 3.976035897717705020e-02 3.625499224644484375e+00
-7.237065873915968783e-01 1.983780904971120806e-01 2.465858368941583334e-01
-2.270915889784949737e+00 -1.152471722266970033e+01 6.835457290698261801e+00
-4.182759201700977592e+00 -2.738240082292459299e+00 4.378046450859110372e+00
9.317894957650727505e+00 -2.592456896125725496e+00 -5.068502391228437709e-01
1.563115221809289190e+00 -1.238920328841525975e-01 -1.455353147871419894e-01
-1.257037243771659041e+00 6.527919366067909124e-01 4.989330737076552169e-01
9.169887558179098397e-01 -5.359551943756505565e+00 5.764940525984987296e+00
-1.629840570409687439e-01 1.351421844027578256e+00 -1.299167587922442912e+00
-3.006848184090648690e+00 -4.383189025549000917e+00 4.562159351257181861e+00
1.410894119735421448e+00 -1.963915791510676412e+00 -4.468320007213515410e+00
-2.719840790324634661e+00 5.945429582218420689e-02 -3.739101443699538230e+00
-9.890732887586881628e-01 6.740178452952543253e-01 1.754594035061782797e+00
-1.888908113745704442e+00 -4.015364756184708561e+00 -3.191704347839776634e+00
-1.197546938541017673e-02 -1.693779505290567700e-01 5.794650638518705071e-02
1.341271738975290395e-01 5.880687162046593919e-01 -1.185266814550071102e+00
-5.405591257802232485e-01 7.698599478476930366e-03 -1.136307758309653554e-01
9.071444477719620147e-01 -1.525889159198628775e+00 -9.700325370844000705e-01
7.957593287619290079e-01 -1.079129242873572370e+00 -3.641662818542979463e-01
-1.879066585696220315e+01 -1.064631935504374383e+01 1.178685742099044376e+01
-2.763807656542614399e+00 6.066806740868917469e-01 7.600796413971166565e+00
-1.499440210244594729e+00 1.324796070312468466e+01 1.748087690168071262e+01
-2.487705060110556143e+00 -6.295282164700747529e+00 7.122607223956822331e+00
1.869859545648283050e-01 2.503875482004490061e-01 -4.758081700769373895e-02
1.740326507685022450e-01 6.850420898124326072e-03 1.277375451938072448e+00
-4.672368507007703009e+00 -1.511654697501773947e+00 2.900461833541218670e+00
-2.098053571991360944e-01 1.913134046958714363e-01 3.820537803859035408e-01
-2.222917572293045454e-03 5.976576731941568923e-03 -1.375339834210470916e-02
3.505282955919808874e+00 3.636603869617543783e+00 -2.601907453748874555e-01
-5.601386381221763466e-01 3.586787569702036826e+00 4.488986466766002437e+00
4.077145594866478095e-01 -1.033956695722951791e+00 2.145946974272086472e+00
6.536301374078875348e+00 -4.393003379166160904e+00 2.116265140474528295e+00
-6.154281302170278023e-01 -6.948828225925373303e+00 -9.612598595733748752e+00
1.253891172903387208e+01 -1.632135904358360090e+00 -2.411548351942211510e-01
-3.218329726567950910e+00 4.343916712328791618e+00 3.268998296740796228e+00
2.123019064175869275e+00 -1.715826381393286137e+00 2.211219805659440318e+00
5.127479700475888469e-02 5.296692642796946293e-01 -1.609968317726148679e-01
2.482088616559225080e+00 -1.512487223186925189e-01 -1.164907259776511328e+00
-2.033816498592226019e+00 -1.757550138422351582e-01 8.229043927286564530e-01
1.604996340242346609e+00 9.011470799710391555e-01 -9.653596444421186362e-01
-3.255077789977733893e-01 -5.184580073161500380e+00 2.624194188659382476e+00
2.664149608355253010e-02 -6.959624338954155665e-01 2.334965954692390031e-02
-4.699619657389900063e+00 3.227807295617596939e+00 -5.152853237700421030e-01
-1.733490483315152986e+00 1.296807313675144568e-01 -5.669038630333017359e+00
8.333775016411100467e-02 4.564518169563451869e-03 -2.323985834303264331e-01
4.837680148339970065e-01 2.156546375743137456e-01 -5.009833994033768834e-01
8.600575192489050558e-01 -6.375359343825476310e-01 -6.525222927393783401e-01
1.729172557030273438e+01 -1.835223042794248416e+00 -1.557655253164240428e+01
4.113644023988062948e+00 -7.592586157254510582e+00 2.177615385305642803e+00
1.733315186933724258e-02 -1.116348042320458589e+00 8.299944755194983703e-02
5.211124428248441021e+00 8.140210937627760046e+00 -1.658827661765837291e+00
3.674769554877347577e+00 -5.516832474641122808e+00 -1.259392401056058297e+01
-1.351576891659056756e-01 -9.066524364598840258e-01 1.878491966694256998e+00
3.612798646261137225e-01 7.153578821430232049e-01 -1.387206265773808511e-01
3.713100317741442336e+00 3.178341071746074054e+00 1.705282033717824941e+00
1.865757276264464748e+00 -3.863327452964831377e+00 -5.338412745270487036e+00
-2.387956001763679392e+00 -3.288118508336384416e+00 -1.971299383865672897e-02
5.778675142084569671e+00 -3.354466967019291701e-01 5.583098845887129791e+00
7.352923834324399444e+00 -3.539730361203585307e+00 9.023489916524937149e-01
-1.326338518673707112e+00 3.704062409311157378e+00 6.042124838999000325e+00
-1.303552264013010831e+00 2.606831180319600261e+00 -2.604226905895094202e+00
-4.481227551483795701e-01 5.551210539076815165e-01 6.532613080508230752e+00
2.694309379193577492e+00 1.746124474330210896e+00 -4.180155723265050582e+00
-8.931617611270407098e-01 3.684112043845416684e-01 -2.704768907207735773e-01
6.033426120476910182e-01 3.102139045149712171e+00 1.607041853718267577e+00
3.153864495241363031e+00 4.115140947922650838e+00 -6.798507791273453726e-01
-1.201163190525700530e+00 -2.467917548112610771e+00 -6.641142937319323147e-01
7.760492792691628061e+00 4.881698051727520138e+00 -9.288506968737417324e+00
3.050295355338455749e+00 -6.153410016399170956e+00 6.784985570086285556e+00
-2.242070848359645208e+00 -5.674206178802405631e+00 -7.786162662988367344e+00
6.231080839587416209e-01 2.288396644960676518e+00 1.519878223035178388e+00
-5.066060525861583841e+00 -2.191329755912535315e+00 6.084764626280136923e-01
-3.362580961847983385e+00 -1.649631777954958523e+00 5.135458292226324772e+00
1.521163630061579841e+00 9.229744853412124028e-01 1.204836163309453312e+00
-1.347922570029524536e+00 -9.424678154994851065e-01 -1.079614203171363807e+00
3.443466775819601811e+00 -1.599563698307625348e+00 -1.537981973270934111e+00
-3.402567094161970118e-01 1.523347727207453373e+00 -1.387559187264671090e+00
1.172652636529978087e+00 1.487356319421134998e+00 -2.045510168304639720e+00
4.686018910145295924e-01 6.054797087478724471e+00 8.573451315788123139e+00
-9.316220666995037383e-03 -6.297736849995374392e-03 -1.732309011060900478e-03
-2.456549887428078449e+00 -2.628154303528600355e+00 5.932066839355123467e-01
1.952575077289578631e-01 -1.169386899115029271e-01 -1.184971568283586407e+00
-3.567249554378113530e+00 6.101768670383968640e+00 -4.539779156505941576e-02
-1.438258408641226671e+00 9.945828647787831045e-01 -6.918522484746248979e-01
1.242618100520612445e-01 3.019698987016117830e-01 -3.513484070126047382e-02
-2.012594322889998733e+00 3.847028459828316649e+00 -3.478723829931853029e+00
-1.479899497106375250e+01 -2.361828733316061246e+00 8.676240802399034280e+00
-3.444780090845430909e+00 2.609061890069252598e+00 -3.436549056333262353e+00
1.572263067398136371e+00 9.659164451131502238e-01 -4.726863493873176836e+00
-2.929396523744116632e-01 -5.802842185895693561e-01 3.771628260128138121e-01
6.755340940502159164e+00 1.568398773795474099e-01 -2.428693692130527992e+00
3.025706054389513788e+00 1.193876933901194093e+00 -1.825220076518383694e+00
1.213589445851798350e-02 -3.886350949127106436e-01 9.208349928799606232e-01
-2.990901153870928919e+00 2.241538787308186897e+00 -2.417969566683412230e-01
-2.424354639037784143e+00 1.484918972405924853e+00 -2.567888051318914844e+00
-1.303319883236255528e-01 5.322759306093146847e+00 -3.255532145787300102e+00
1.009783686444805983e+00 -8.439567957964243528e-01 3.880930590515275780e-01
6.861477497448178475e-01 3.716376755039897950e-01 -6.836124674388561751e-01
2.490450844988711387e-01 6.788216752555625844e-01 5.456856841177624151e-01
-2.237775667011762781e+00 4.194493040831470232e+00 5.156809489408987091e+00
1.434126666515589399e+00 -3.580388624241443551e+00 -3.980887760732802594e+00
-1.757097728105252665e+00 9.816253933497461892e-01 -1.708563275893035943e-02
-6.334901403147564780e-01 2.837640271430435401e+00 1.165513634651894614e+00
-1.486213123015090565e+00 -4.410592807706117946e-02 -5.236488775503606030e-01
-7.211249042378001128e+00 1.920505669310132779e+00 -2.322476575620581851e+00
-9.827477853149866327e-01 5.314206576178040820e+00 1.706882191053040732e+00
-5.964889347232515071e+00 2.223589731963362525e-03 2.199734749118170907e+00
-1.865352654761279094e+00 -1.378534946992727162e-01 -2.811120624910511623e+00
4.756343564362922050e-02 -6.868968060089589156e-02 -4.190173046309787069e-02
-1.207757611007643339e+00 -7.021799012953924723e+00 -5.139262076043880079e+00
5.466088461177970537e+00 2.853166774056811850e+00 -3.008632672400878838e-01
4.162600490257061914e+00 -4.679606368056607457e-01 -3.414677017699650374e+00
-3.623784190970292141e+00 -6.593666134473805229e+00 7.440404352409481170e+00
6.297274760236097002e+00 -7.265902814765309969e+00 -8.189610954755702110e+00
1.619805116152774005e+00 1.774437689318026923e-01 -5.119771601357870239e+00
-3.855211347021724411e+00 4.485522849288188674e+00 9.496609871961881888e-01
4.941383528148895365e+00 -3.192368755140499559e+00 -1.028569056555969219e+01
-1.854367110176292188e+00 1.780312002763588142e+00 -2.565355756286384903e+00
-4.786140184380602847e+00 -7.172299333488015849e-01 9.153049317174486443e-01
5.490398031269863921e+00 2.660632293501603129e+00 -9.444834750960477976e+00
-5.532583869399436763e-03 4.903842841994842175e-03 -7.932695782445124341e-03
1.339631218899401066e+00 5.713284772453963711e-01 9.432800508715774024e-01
-1.648039355398603911e+00 -1.031772845410771078e+00 1.059598047668623089e+00
-8.773620356526397046e-01 -1.080513476423756170e-01 1.410423215685393389e-02
5.415641201088712720e+00 1.848037035177405141e+00 7.230906873163637227e-01
-4.681455712180852657e+00 -5.542192987884797972e+00 -3.104701990104584031e+00
9.708536015040343248e-01 9.121317566425610757e-01 1.308804370324238242e+00
9.444762972215401398e-01 3.458038422158586367e-01 -1.544767837859220283e-01
2.033577238934262399e-01 1.881321077030970068e+00 4.381071260454397986e+00
-2.033736987425021070e-01 -5.903680105473084472e-02 1.279121715518535707e+00
2.346990127374263491e+00 -3.941430766584364864e+00 -8.453682033876685153e+00
7.702378635697848530e+00 1.399858384044983639e+00 -7.607161950050702615e-01
-2.315042185054979385e+00 -2.075307991308791511e+00 7.031197413702501564e-02
2.345696730485356429e+00 -7.707565168128960309e-01 -5.410962300811141823e+00
2.461409758978091666e+00 1.774309772191707379e+00 -3.633263942930645474e+00
4.542361753738846986e+00 5.596233929307452559e-01 2.920515891586564106e+00
-3.881808054160941435e+00 -1.198815866226106941e+01 -1.650396835065660994e+01
-6.677255130572004482e+00 -2.355053904550997057e+00 -4.429721490944672269e+00
4.438178317538476136e+00 -1.273958237485486578e+01 6.023267305931290672e+00
-8.816200659893420610e-01 1.779640424626507178e+00 3.300890876605269586e+00
3.669685385441259218e-01 -6.757969405688593056e-01 -1.329253519497551661e+00
8.539896501113290739e-02 1.528777033802279361e-01 9.276511630733726976e-01
4.441707202877395844e+00 -4.189972672452165980e+00 -1.461804585408380319e+00
-6.765058385251553119e+00 -9.171824361979118434e-01 1.684924556124228090e+01
-6.112633591250528076e-01 2.912574661622261196e+00 3.189237051918133226e+00
-1.529123895385976484e+00 5.834813311792687029e-01 -1.806104101065711121e-01
-3.553390390017806322e+00 -5.468145719556212647e+00 2.839529383782240846e+00
3.389733210664607643e+00 1.837076974695583287e+00 1.199225892393785076e+00
-3.167393653021193689e+00 -8.169735950876937380e-01 -3.668023732202813747e+00
-4.508244272683717746e+00 -5.060442956567320572e+00 1.370833629307054125e+01
-1.133079924456909859e+00 4.310229058633625043e-01 -3.343328229299747378e-01
2.508182684083461567e+00 -1.333525925612897067e+00 4.923907597367215949e+00
2.174214605275798018e+00 -3.799017582673933191e+00 -6.104980399139188663e+00
-2.660391293194305895e+00 -1.611505968833984337e+00 -4.127639598201024995e+00
1.190721292968745360e+01 3.692125077899630625e+00 -2.027580808851604743e+01
6.444786136642122187e-01 4.917422696669674492e-02 -2.833303277112182994e-01
8.170815283470426849e+00 -2.071162026052275618e+00 7.249839241755687169e+00
-1.805790637172993041e+00 -2.739383709636009634e+00 4.921172238736856386e+00
4.973054923717238340e-01 -1.516583109523306216e-01 1.950753413844190376e-02
2.042799252295979529e-01 1.911595144747900987e-01 -1.473688816306144012e-01
-6.015801301738300522e-01 6.480799427408972413e+00 -6.400096212494281289e+00
-6.123284887844411273e+00 -5.437578023914665382e-01 -7.033204785957620775e-01
-2.203909413826888319e-01 1.254552140429314955e+00 2.581218234168853876e-01
1.547042350325452897e+00 -5.474587479717289706e-02 -4.013150044334772737e+00
-3.021886176946447615e-03 -1.246736805409650629e-02 1.450841140790286830e-02
4.083696858354096904e+00 2.315305006212346584e+00 4.256764714232716074e+00
1.141365589223341859e+00 -1.936310068426077891e+00 4.449224405320837405e+00
1.503686517557456526e+00 4.266786720415273182e-01 -1.033268570493950378e+00
2.068804568217969653e+00 2.668105645687429028e+00 6.164722510739438499e-02
-3.475170133664389205e-01 -1.809424329953711386e+00 9.484593125813160764e-05
-8.512821478537276221e+00 -4.816141800552139474e-01 -5.989388873352921472e+00
6.149521337165207990e-01 5.038346737785347251e+00 -1.786690760723005367e+00
8.923325586738580784e-01 2.482163720632503123e-01 -1.134105909716324856e+00
1.147313896611257544e-01 1.722814698125237909e-01 3.503917426870859497e-01
1.415180700851784268e+00 1.935719700527354981e+00 1.052262912932650618e+00
-4.585880864321523198e-01 -1.140397400895236391e-01 1.294617230509556682e+00
-1.355318663358565878e+00 -3.818389724341000879e-01 -1.503995262160792157e+00
-8.664060110628447831e+00 3.327666492811359511e+00 -1.303944393094947785e+01
4.666096037482604153e+00 -8.251684719368698850e+00 1.438108130139151397e+00
1.519731206340239282e+00 1.338966026749808336e+01 3.360158669166084522e+00
-1.597301026947336666e+00 -3.518017949789176591e+00 2.096741062653341814e+00
-3.389662527266852354e-01 -2.787943671370371468e-01 3.122590320993349211e-01
-7.298162968376457060e-01 2.476350673168095096e+00 -2.887864626025483439e+00
3.139270845003203636e+00 1.918450551176050997e-02 1.693813695150815812e+00
8.927269570544563715e-01 -2.447735750034735425e+00 -1.983911309879212048e+00
-7.744793425012865828e-01 2.070464074756820094e-01 1.449296954014029915e-01
1.822587263946888303e+00 -1.474680946598661668e+00 8.535313037143178461e-01
2.150227286357278444e+00 -1.073782172420376879e+00 -2.065468617638658577e-01
1.415336353754074850e+00 -2.191828653084176182e+00 2.833253468554433607e-01
7.993502844754662995e-01 -8.548035520116701313e-01 -1.435498483118095026e+00
2.074211076295516598e+00 6.802724557965091901e-01 -1.207719020019142331e+00
3.176473336670391778e-01 6.147996784760212385e-02 7.473705229716393061e-02
7.174213391071617707e+00 2.694596204447582188e+00 -1.135658920079051271e+01
-4.128974417811821063e+00 4.778579868607892855e+00 -4.645224987254771065e+00
5.400422047823161265e+00 -2.182632603646024183e-01 8.688050027365514794e+00
4.752301921435468923e-01 -1.391377623701234301e+00 4.803456128155426663e-01
4.230675068651827964e+00 -6.211916203532977798e-01 -1.780565371788487949e+00
-8.775804597070314683e-01 6.993093328201998027e-01 -4.566224638095423560e-01
3.298243868182350713e+00 7.249414868660584987e-02 6.311752436407607192e+00
1.141032955404605864e-01 3.497514218566408900e-02 -3.304807072028080328e-01
-2.101111041214202668e+00 -6.988591824044494416e-01 -2.498039553546090197e+00
4.930538465767694944e+00 2.470742212016914685e+00 5.923693224864832629e+00
3.890935023307229734e+00 2.144737321097144989e+00 -3.409085419705151221e+00
2.863184229487680366e+00 -1.347489159042423168e-01 2.107979313574969371e+00
-1.169790786190434861e+00 -3.745415277465937720e-01 -2.500240538839792581e+00
-1.261046812602499845e+00 -7.092335387292511228e+00 -1.087691859185830001e+00
1.344622914663826441e+00 -1.138207428135276533e+00 -9.161487038409822647e-02
5.476764403728282105e+00 1.663600790256066997e+00 -4.340025222789749004e-01
6.355235384510490304e-01 4.679020672685230586e+00 1.877913424301691503e-01
2.239786632465482208e-01 2.625650590769830650e+00 -2.334377624400611750e-01
1.645831281791338974e+00 2.919970186502696130e-01 8.219289629622547722e+00
2.829328669172955557e+00 -2.294502007903697738e+00 -1.050827396119768498e+00
-7.348673065112368619e+00 4.256712447099198826e+00 -4.970295635426638547e+00
-3.079827743182282695e+00 1.381447470016955004e+00 -9.434103398382278627e-01
7.210161956328311472e-01 -8.803426248600954906e+00 -2.498761141175620093e+00
-3.954964871888758893e+00 2.798080344338239822e+00 -5.906798340948736126e+00
-3.816561020372440383e-01 3.660168345621341857e-01 -1.327412716486142896e+00
2.636976748118190494e-01 5.025462743490758832e+00 -4.534533344419138245e+00
3.185513539610526745e+00 -7.543167659029945682e+00 1.011727408182434562e+00
-1.564622982079084679e+00 -1.889990222261280328e+00 -1.166797759960806369e+00
8.692331660996701626e-01 8.316511482256571108e-01 -5.903796657225304223e-01
-1.407360538859974142e+00 -1.435253777463693758e+00 2.172237206974411361e+00
1.878858791504742221e-01 -2.569870451191120786e-01 3.421146928002286036e-01
-6.209086147854854243e-01 -4.352218658316117095e-01 -1.350218942272624068e-01
-6.414436990960186158e-01 -5.165939983378130540e-01 -3.849383903179764976e-01
2.054507607757154880e-02 -6.135392315215230929e-02 3.979035403280795774e-02
-1.870582177470441643e+00 -1.164580845683472088e+00 -4.213939538706988230e+00
-2.973698479774737891e-01 3.577576213211752787e-01 4.127610852324092860e-01
-6.114210480480346988e+00 5.846486712960357046e+00 6.253615798122504899e+00
2.672131241489464237e+00 2.468834728565669323e+00 7.198538370828101662e+00
-7.379132045992044253e-02 -5.060705093401449695e-01 -1.173127522889987562e+00
-5.152311989891461032e-03 2.505060444142140907e-01 1.351584885603529795e-01
3.445209308499427525e+00 1.675630986101262154e+00 -6.363230886156220123e+00
-4.019612025918990916e+00 5.808454978704763683e+00 -1.730993839779888965e+00
-3.040909399226215726e+00 -1.003590459667466916e+01 6.090731153753622173e+00
-1.110502034822581918e-01 7.067253988562814671e-02 1.192100891028173709e-01
2.853745641963341573e+00 -2.808858338521497799e+00 -4.818355940457556663e+00
3.582162273006587405e+00 1.220657986954904572e+00 1.985179564789300910e+00
1.352470159293973184e+00 1.979739726953461121e-01 3.339053494975691150e-01
-1.573591991096155718e-01 -5.277771210563559023e+00 -9.434586778336780943e-01
-6.239628679187987359e-01 6.689402870406137014e-01 -3.431378075141230610e+00
2.233866352719129367e+00 3.012156755519332041e+00 -1.101604328228131591e+00
-1.232292836468543262e+00 1.542150173212422981e+00 -2.230250185448309885e+00
5.088927896830580666e-01 3.577381270964934412e-01 4.951015877224854145e-01
7.362879624994627115e-01 -8.787123184373889506e-01 3.323712787639421795e-01
-3.585307814454881670e-01 -3.495565793527856679e-01 4.775801188241859951e-01
-3.981182047997160467e-01 -5.320105780345413038e+00 2.634677589837225664e+00
-1.951816673567422500e-01 2.107939464335384372e-01 -2.328251627664410517e+00
2.047318544944391139e+00 1.396925671802251134e+00 -4.308921165241455346e-03
1.316764913827564776e+00 2.197351480362245424e-01 1.020257248597812971e+00
-1.424735869546135680e-01 -4.882998409586281931e-03 -1.783938403212974588e+00
4.367917960035447300e-02 -3.467633849831814885e+00 4.374163973181538489e-01
-2.275841882319961762e+00 4.406234520203700100e-01 -9.192413083320997158e-01
1.975432072687256735e+00 -2.220242931800127995e+00 -9.623277170961685556e+00
-6.348119435417992618e-03 -1.712853999348557421e+00 6.422654338520590589e-02
-2.268124820538694131e+00 -3.640074686767277523e+00 1.646678871474449135e+00
1.092395538493539986e+00 -4.696669341099032335e-01 8.731426955302347137e-01
-8.268063520908405906e+00 -4.703432293413852605e+00 1.699841612169589622e+00
-6.468161412800980115e-01 4.955377233539331350e+00 2.438876581807792654e+00
1.167542479319644944e+00 3.019485666167040505e-01 -1.489761172830474756e+01
-8.102202655584600510e-01 -6.697996745738884483e-01 4.388750419402454028e-01
1.051188260651219064e+00 -5.944187414744961373e-01 3.222881100276874800e-01
4.520650548131055935e+00 6.801084335021500671e+00 -1.395405303888075599e+00
-1.144678147082824671e+00 -7.776984340776350590e-01 -1.261690334916685807e-01
-4.549735832502274313e+00 2.486986381652216860e+00 -3.220104383505708601e+00
1.254872731314962131e+00 9.144259666782150742e-01 2.131619061209198751e+00
-1.163718759129791641e-01 5.591217627624032183e+00 -3.422622035920447114e+00
-4.587729640308078949e+00 2.014318940174578465e+00 -6.135089652159170015e+00
-3.468042262337621473e+00 -4.666140284214415068e+00 -1.756626339928497371e+00
-3.120185792001531344e-01 1.534003018415355246e+00 -2.098735196374029055e+00
-1.732261831836466648e+00 8.515587584625577966e-01 -2.583374652898083657e+00
1.117521825492576504e+00 1.315788494562934563e+00 1.851711258000117155e+00
6.709156767667806776e+00 -9.919900731723764187e-01 -4.896841337826495888e+00
1.399058905757090354e+00 1.561662179486858371e+00 -1.454952143360888073e-02
7.623077559495952116e-01 -5.263840795406402040e-02 1.180149639605770462e+00
3.163307110538482458e+00 2.073351181212165883e+00 -7.211572554349612751e+00
7.967253970448036349e-02 -4.778860597062449533e-02 1.683691736322153257e-02
4.134853736306755678e+00 4.177299406437467999e-01 3.217242254719592687e+00
5.248937013267926943e+00 2.694857750961242027e-01 1.025278479865399639e+01
-8.244017675905547238e-01 1.205113815289771267e-01 1.420642855933035076e+00
1.076564712596614681e+00 1.136250209938258315e+00 -9.980918994026771740e-01
6.741599017783249659e-01 -4.887755462832482856e+00 4.430564600827769262e+00
5.251014257549653230e+00 -2.697235156787970212e+00 -7.484277169467724589e-01
1.693135070419569954e-01 2.019814301284631686e+00 -1.068041354306573654e+00
2.038595842186115448e+00 -1.056064786780285258e+00 -3.338700745715631690e+00
9.877133165910615631e+00 -1.957939653244505962e+01 -4.795559133281636122e+01
1.019391119281948299e+01 7.042768077949411953e+00 1.224899873953137597e+00
6.914736985483750376e-01 3.073321978414654154e+00 2.430611509707326423e+00
-3.417935220861123558e-01 -3.320041831566820978e+00 -1.519550461567799271e+00
7.296346331520990880e-01 -8.542033084078304306e-01 1.492040891422736992e+00
-1.903253424525007231e+00 3.448330174147983485e+00 -2.974286376973251045e+00
9.042366755463789874e-01 4.720600304034316075e+00 -6.412488332244938860e+00
-8.106050336450374566e-03 -5.365036986356773729e-01 -3.000068213934364625e+00
1.155245210356812713e+00 6.689439047487978129e+00 4.159219689210736703e+00
3.593225645219776165e+00 -1.440807220177722003e+00 1.102307277262300378e+00
-8.534352785636646344e-01 -4.460116479702100345e-01 -9.328211589258489367e-01
1.418945546158001392e-01 5.612952342653108051e-01 -1.988370342831865534e+00
-6.996770292616447812e-03 4.959439236095360658e-04 -5.037629277677779099e-02
1.196796013609571663e+00 1.463310407170578253e+00 6.971706437729756622e-01
-1.181695989317057993e+01 1.036351942711005236e+01 -1.911294909451680013e+00
-1.548194751023022597e+01 -5.164393899321872983e-01 9.322654969525872914e+00
-3.250732926901632180e-01 1.163111986633205142e+01 4.414618532911066540e-01
7.251505004152192235e-01 -8.754070708515220289e-01 -2.044472823129331207e+00
-6.593620185239612574e-02 -2.698950442264372862e-01 -2.406394529044926678e+00
-1.293772152623303417e-01 4.486658922553703466e-01 7.755244253478331407e-02
-2.166648232799971652e+00 3.031743855787294439e-01 -4.552560647879812628e+00
1.205664322313486414e+00 2.561054127234919875e+00 3.703656786838530612e-01
3.377262239072163386e+00 -9.434130069225906690e-01 1.866367709234693306e+00
2.308483133269279897e+00 -1.697055173647038284e+00 -1.004887812631801225e+01
4.424665527552051003e+00 -1.838860793456685849e+00 1.339342038387636258e+01
1.300944449526432578e+01 5.817597396103922236e+00 -1.792252720539020405e+00
-1.792870489294940139e-01 -5.859070602601677835e-02 8.305018745192917218e-02
-2.147051199330846094e-01 3.155652853793240731e-02 -5.064079397064611410e-01
-8.886096297969650615e-02 2.308163958500461521e-01 -3.601176598044042443e-02
9.769580439754231849e-01 4.068767530353190942e+00 1.126807152217965458e+00
-8.635234284011154837e-02 3.753376170567069292e-01 4.735893047039754222e+00
-1.151761121115989495e-01 6.408117574224812818e-02 6.235557064638634628e-02
3.282533500693922690e+00 2.739449983102903108e+00 1.237063365562915740e+00
7.750247278343083135e-01 -4.757746029402800669e-01 -6.321609067007807337e-01
-8.058064953363077709e-01 -4.691967636335990122e+00 8.081247754734440791e-01
1.756314607140437634e+00 7.225230290648365639e+00 -3.324757283816257569e+00
2.300216132177750339e-01 1.158483061784263413e+00 -1.171300029645645918e-01
8.933705940907880061e-01 1.028590316743914351e-01 2.358958267295176159e-01
-3.879061353943058066e+00 1.003280877498177848e+00 2.400867327416600805e+00
2.841217139342977926e+00 -1.591896048633293592e+00 9.498750541755988097e-01
-1.584310679466164995e+00 -4.546864559486719415e+00 4.549268505967970500e-01
1.125295420706809102e+00 3.093917942261623089e-01 -9.955548977972915325e-02
6.090409248450501245e-01 -1.091197417785617141e+01 9.918193157968559603e+00
-3.038259353506331251e-01 7.344671600696434099e-01 -7.350852034512173061e-01
-5.054067230576971825e-01 -2.316727101454018278e+00 -3.283082489709153451e-02
1.086243099409529123e+00 3.895086586200851020e-01 1.620884495446866636e+00
-1.046721028520240626e+00 2.373177284400328269e+00 -2.927912699737891811e-01
-4.008142432958080037e-01 2.040816065327333284e+00 8.447764944399889231e-01
-1.483378304807512205e-01 -7.342190264570859493e-02 2.624098248231078734e-01
-1.401392562427472344e+00 8.935458970427133663e-01 1.593029070744382381e+00
2.278540921904638417e+00 -1.742462619330840123e+00 1.920071296468636612e+00
5.404945111455302653e-01 -5.151243560493449225e-01 -1.592698831993050401e+00
-2.169129843591414142e-01 4.063370928285381822e+00 -4.498336163068292759e-01
2.880960182256668833e+00 3.492512483641495358e+00 6.173162932647981993e-01
-9.023190303230367304e-01 -5.106965219659378441e-01 7.410386972349303214e-01
-1.109218082652062343e+00 8.590928621948927812e+00 5.136439847857309893e+00
2.626922737041297307e+00 1.988623008457538199e-01 2.812479063480398445e+00
5.086157022457560295e+00 -6.377373015307027160e+00 5.477188573176661635e+00
-1.768042401497536664e+00 -8.330015148045341600e-02 -9.915468121272230650e-01
-1.103616464443084588e+00 5.037981983221806459e-01 -2.320466395213704736e-01
-3.087795941433200131e+00 -1.897835918426891699e-01 -6.384464756149431430e+00
1.417818888885950646e+00 7.050744723695268057e-01 2.236077863396250809e+00
-4.800053483531759646e+00 8.665567696789278074e+00 -2.068946850085913614e+00
-1.108275558536343297e+00 -3.593243207417341267e+00 -1.152668467228057603e+00
1.243425535119317527e+00 2.561875886177007899e+00 -3.443013597951863680e+00
-6.383765664640441706e+00 1.099180468088361096e+01 -3.909880576743423486e+00
5.798194638802354195e-01 4.406468620463288133e+00 8.847861535265052479e-01
9.700712755739649973e-01 1.634357414884720416e+00 -6.415796329951510835e-01
2.943634945273740033e+00 -2.753977388124904557e+00 -3.274247322686943296e+00
4.243419117995189893e+00 -5.979276737035680078e+00 -8.078087970265977802e+00
-2.387540567471033992e-01 -3.002947842546763169e-01 7.404808467053480836e-01
2.113207418006493477e+00 -3.611936553583003029e+00 -2.858757183405244540e+00
-7.757325619240158510e-01 -1.393398125629148332e+00 -2.926884099255362859e+00
2.005637059319728799e+00 1.555893590009999938e+00 -1.038876154663062490e+00
7.386203489193566618e+00 4.256175025461806705e+00 -1.475871073572211811e+00
-5.676129389202563935e+00 -4.720815471778414540e+00 -1.999207512265779974e+00
-3.580909891444721271e+00 1.367916612053970304e+00 -6.892027089957987185e-01
-3.523961225440829015e+00 -1.026382990952014573e+01 -1.083091638403516299e+01
3.785587080933167092e-01 -3.051022921075408068e-01 -3.847970835155733460e-01
1.730124128507735115e+00 -1.601400596168874868e+00 3.411140491995507396e-01
1.426162978574426976e+00 -2.119130995354217450e+00 -2.122677354358958102e+00
-1.290274487691803751e+00 1.203773449681665303e-01 2.986296930306056918e+00
-5.588716546584925338e-01 6.801946390924951125e-02 1.079506054027180140e+00
3.040795422420198957e+00 -9.320880036965832893e-01 -4.872082595642562630e+00
-2.705785267076388667e+00 -1.250079302239488044e+00 -1.399371642627499801e+00
4.993238034240873091e+00 -4.427866321036519004e+00 3.803019742355673305e+00
-5.777998148438950876e-01 -2.969789586538501558e-01 2.975336714591630738e+00
2.097886912918360824e-01 -1.598879588055170109e-01 4.429920788962154465e-01
4.287388672735055195e+00 1.544037830679713785e+00 -1.254457576746521319e+01
5.936525766503966128e-01 -9.090359519034856284e-01 -1.008242377026917991e+00
1.931930979366613954e+00 5.643668981935114903e-01 -1.680108184543867456e+00
-1.856767767784581746e+00 9.808850860361365553e-01 6.883550385764094504e-01
1.047314688626035800e-01 4.408591185847851035e-01 -4.508114557694239410e-01
1.013940607718246956e-01 7.688817865011437824e+00 1.830045775645015471e+00
2.812431297838550837e+00 1.837009792699125788e+00 2.511222244734539366e+00
1.984213762978933315e-01 -1.079454676612758152e-01 8.841011332774939557e-02
-9.093869121017468249e-01 -6.094309284602918986e+00 -4.989351108213692321e+00
-1.995218468776054577e+00 7.543637913856850175e-03 6.731013826604906325e-02
-6.387553086820217274e+00 1.246391568398345662e+01 -8.671119631988193355e-01
-3.961362232351579027e-01 2.122110744005035965e+00 -7.551717543271677657e-01
1.716179206643318356e+00 -5.767592098803804745e+00 2.643856769127100659e+00
-4.180636549141727443e+00 -3.834125901063738961e+00 -2.346573303364349883e+00
2.871528913490663637e+00 -8.472439394165968141e-01 3.258874957416389773e+00
2.133673435741893609e+00 -7.580449050015373835e+00 -5.557327597941015718e+00
-5.977596778267306732e-01 5.123187947542680032e-01 4.187892279436328025e+00
-8.452225624256091141e-01 2.919464088641825911e-02 9.721507653479096733e-01
6.966163000099799829e-01 -1.448295909457066433e+00 -2.771917469514777022e+00
2.205811122905262600e+00 -9.156991525229529749e-02 6.634068922387919010e-01
-4.371763131963149362e+00 -3.920721342336489723e+00 4.661345318202124721e-01
3.028933134040062480e+00 -2.449039760755622464e+00 -2.844066975062306657e+00
1.798689241785773163e+00 -9.696650170028484617e-01 7.368969861379406350e-01
1.222050058972387498e+00 3.259540974940121405e+00 1.752724013326498298e+00
5.627114708141440769e-01 -1.852699421676255565e+00 -1.144320473378067637e+00
9.307606939254991829e+00 -7.961170641447925522e-01 -4.247645196615940089e-02
5.783528368489003757e-01 3.679084496220336176e-01 3.742026437984149467e-01
-1.235394073777280788e+01 -6.596161225597416689e-01 -3.661124586606491427e+00
-1.761973123901210754e-04 8.646516777465085291e-03 -8.758975778593861700e-03
-2.544975124756858609e-01 -1.047868736331331929e+00 2.542491409820074377e+00
-1.679399108703599763e+00 4.911354011258902474e+00 -1.215578078744709245e+01
-5.364446507124662311e+00 2.064038043010190560e+00 5.809964466280712614e-01
2.212620376748339890e+00 6.540245995857513428e+00 3.082209900128638047e+00
-1.648742754155799073e+00 1.900140723587734337e+00 1.866751128356017420e+00
4.948465144679036198e-01 4.336951830102912631e+00 -5.886913392469744544e+00
-6.303392945869986663e-01 9.015551761547570264e-02 -1.889669523443300081e+00
6.070048741808537152e+00 7.463142548599657200e-01 -1.439879651556893458e+00
-7.646767871656881543e-02 4.077636599332913336e-01 -7.315694980221283672e-02
-2.772054155353841587e+00 2.066347440591023599e+00 1.996225393401159565e+00
5.228714336113275962e-01 1.402975487806069399e+00 4.830889677844067420e-01
6.003885843389016763e+00 3.080211614145885068e+00 3.451298971375920122e-01
-3.503102090337082558e-03 2.336204550599543101e-02 2.394889344253008784e-03
1.636887277328578749e+00 2.861438964483308922e+00 1.172506300436417126e+00
7.768010236740979790e-01 -2.435122109118090350e+00 3.625799227130257485e+00
-2.925915443214574529e-01 1.028820655670666495e+00 -1.079212344474983265e+00
1.733393698968644703e+00 5.115428798352338324e-01 2.476984861550767025e+00
-2.866043790927750301e+00 1.728385246470744985e+00 -2.085949144567515123e+00
2.933002414076286701e+00 -2.821753726847655575e-01 2.204750735255516236e+00
-7.336199690347775526e-01 1.085682742569158421e+00 -2.477656095092021893e+00
2.823373695717461995e+00 -6.846122921880712475e+00 -3.448842516039757111e+00
-1.288074081719863928e+00 -7.371182641913464062e-01 -1.359136664876858580e+00
-1.670427639379360452e+00 -1.481620660160462455e+00 2.153856734853995203e+00
2.622583106696748878e+00 7.679298554203147775e-01 2.164921380806318130e+00
3.004897454711428217e-01 1.508665800878217222e+00 -2.277601051655952016e-02
8.179065916654382207e-02 1.625422388357826931e+00 -4.092879539449626458e-01
-4.924044376050614069e+00 4.407190791867643398e+00 4.191371964735131961e+00
2.647262219334436839e+00 -3.359675423172718389e+00 -5.761926625768020394e+00
-1.491554092709269197e+00 -1.850240490411949823e+00 -6.769442790392027343e-01
-9.693926148784926866e+00 3.730076854080202953e+00 -6.873282408038718927e+00
-2.507140274610102915e-01 2.758702899559281052e-01 1.295023178364912875e+00
-3.558595632209409665e+00 1.644592645296736544e+00 4.218858475039998640e-02
-1.931273293873527086e+00 4.013686639946495660e+00 -3.611720335707824692e+00
-7.303482720111039717e-01 -1.565443153942299936e+00 3.411836186202640508e+00
-2.966539066743115072e+00 -3.728622707216910470e+00 1.117945616366106698e+01
-2.729791228158484628e-01 -2.805432523626803842e+00 1.709005240060750941e+00
1.085695030919656290e+01 3.837342544897920593e+00 -3.781903606040933230e+00
4.498352957673938057e+00 -8.601183161876922723e-02 1.760116103825012601e+00
1.029594888717527468e+00 -5.940300531853750510e-01 1.756669323207905586e+00
-4.360569123196505470e-01 6.430659897473549158e+00 -5.351821474503543286e+00
-1.230342566463271003e+00 -2.473498656209443425e+00 -9.368844248112162543e-01
-8.800644261606958452e+00 -3.101416832703692616e+00 3.037809531582216227e+00
-3.338611875344918434e-01 1.910272073371545920e+00 -5.030933906151321411e-01
-3.759773230606175076e+00 1.407860640976065891e+00 -2.615370017983354237e-02
-2.635694167750318062e+00 4.311256827278004522e+00 -2.384233690913430959e+00
3.499573832196620327e+00 3.560974703559844912e+00 -3.721825259955866105e+00
2.136361676335523541e+00 8.839544524286196969e-01 1.151275975354534742e+00
1.496966785600550853e+00 3.435633622685181909e-01 -6.191042506197754758e-01
-8.785622152310540445e-01 2.358505152185998544e+00 -1.059731979483109043e+00
6.817154058387738580e+00 -6.459966489982604809e-01 -4.310246332401589164e+00
-1.774176460654729004e+00 1.713043114516662024e+00 -3.703339167056443615e-01
7.649115784622399161e+00 -1.790413197587060079e+00 2.625024056084680701e+00
-1.238936359574947854e+00 -3.625399084236015312e+00 1.031224646307601667e+01
2.888065740491320366e+00 -8.120908641675526951e+00 5.968433939646833331e+00
2.139505198411561615e+00 -1.579472223530542285e+00 -1.053812278965678306e+00
1.055149499861644857e+00 1.797766904261741017e+00 -3.152842552092103290e-01
1.601581357526770333e+00 1.038181025528086110e+00 -1.286492240369895956e+00
2.061393082053291970e+00 -4.815208937200415207e+00 2.253200820483900468e+00
-6.739632493318395978e-01 -2.182326844544990943e-02 1.018520982490119131e+00
7.394019341043643889e-01 3.513790750439287902e-01 -3.862178937149026714e-01
6.044023892619568850e-01 -3.414215391395442611e-01 -3.378695028245811693e-01
-1.352168751416245263e+00 4.359003997711960565e+00 -2.546433506966651716e+00
1.063263868788431932e+00 -1.416670607681392902e+01 -2.164960543830546413e+01
-6.281869313924064446e-01 -3.073823702712831785e-01 2.604786922730935039e-01
-9.263029342093682950e-02 -1.271333080312963437e+00 8.742285975678955046e-01
1.292092756978097556e+00 2.228410724960995015e+00 -1.749965328028336486e+00
-7.165640533249399702e-02 6.207391544395941818e-02 1.329897207940254900e+00
-9.477312908025617433e-02 2.729542016230599444e-01 -2.818547152772608519e-02
-1.829366884480253599e-02 -1.281853113749782148e-02 -1.905727023289849331e-02
1.770672251801926000e+00 1.701286769215370809e+00 2.461859054496531751e+00
3.745313311440465753e+00 4.229190283443830523e-01 3.324077330938657315e+00
7.215279721494487930e+00 2.590683601367350430e+00 4.067366445897936167e+00
6.338933024955578643e-01 5.188490372198534928e+00 -8.168122192363614920e-01
-2.099466759003754124e-01 3.758383428420928873e-01 2.677662507458224983e-01
3.989200280929491860e-01 3.155100584309633582e-01 -8.053313688250861302e-02
-2.273923356350778135e+00 -1.557334927885134945e+01 2.309828803293035548e+01
-7.316169449800407065e-01 4.582629260539008875e+00 2.967505105719637104e+00
2.570885823387868641e+00 4.766121417616198563e+00 -3.437302444447087879e+00
-2.842375638855243025e+00 7.507060587301764842e-01 -2.561471159145911614e+00
-1.830309175161586310e-01 1.653308532676597498e+00 -5.195851279410183210e+00
-8.349362458047655811e-02 3.018948233546774329e-01 -2.932685586829337776e-01
5.895693728738978789e-01 -1.407849702994021124e+00 4.463613877491704462e-01
3.316241782175086139e-01 6.333292644953492090e-02 -4.640328937445016844e-01
4.231560764291782406e-01 1.447703468466707610e+00 -7.290601938352125888e-01
-9.340181209774041093e-01 -5.017701720422881317e-01 7.495612536558927674e-01
-9.490042479138810494e-01 2.604732512318393423e-01 -5.334392714958882564e+00
5.555723140197749155e-01 2.287025468117358518e+00 1.033428021474124714e+00
5.582263679277739143e-01 -5.135601938483974394e+00 1.020264065287465050e+00
-7.773425429569969403e+00 -7.723472193109257589e-01 4.309068751628211125e+00
-1.328244972528870704e+01 -1.346791082845817833e+01 -1.262999515049803811e+01
2.780034578883826324e+00 -3.020796633851678070e+00 1.268888959568926111e+00
4.133587044281735179e-01 -1.682198609114247345e+00 -1.808547341775313955e+00
-5.653001016008343121e-02 -2.355861107140972965e+00 3.341653945458078478e+00
-2.834320674812389473e+00 -7.921341322155420750e-01 -1.595249375218326771e+00
6.103372337105848366e+00 -9.284164848188289909e-01 9.973049422090873861e-01
-7.863524438816027917e+00 -5.380026629773351221e-01 -2.460021041163021671e+00
-9.451081490906642069e-01 -6.232821616463380288e+00 1.122228534055826205e-01
1.262697335574706203e+00 9.619395721041438252e-01 -9.986893919840839073e-01
-1.024442559248808671e+00 -1.766376672182135010e+00 1.233672137442883399e+00
1.249557424816140738e+00 -5.887050738581518949e+00 2.761092560412718999e+00
-2.067203852091072491e+00 -1.098731619011372063e+00 -1.930006909926706704e-01
4.953143706907185084e+00 1.135603884137780906e+00 5.611437044630704030e+00
-1.825465530509098544e+00 -1.413853939176966668e+00 3.882163880190254157e-01
3.799050739985588288e-01 -6.175060689909829259e-01 1.041362173831515969e+00
4.920264026973598243e-02 -1.713633975215306804e-01 1.510125474990983985e-01
-2.359812961151534161e+00 1.212197148654762913e+00 4.050673306952710995e+00
4.304777526187564263e+00 -3.633131279727537688e+00 -3.713499631637690701e+00
-1.034995445433182670e+00 3.314782663643597860e-01 -2.721161970665399998e-01
-2.148901655538224265e-01 1.097488975787864196e-01 -1.004209668301366404e-01
-9.406654225302783778e-03 -4.864663098910944339e-02 1.739522287342772644e-01
-7.153581443056800104e-01 2.152336004259342239e+00 2.956215357690957779e-01
2.921755280086192119e+00 1.276585581906587719e-01 4.708348808339042790e+00
3.851327348773565085e+00 -4.908169135214768275e+00 8.680354169715444046e-01
-3.274062406741328868e+00 3.319130136764914418e+00 -6.847959914819118588e+00
-3.704758179367935167e+00 8.428703193907626234e-01 -1.046173687884967674e+00
-8.402027194523807196e+00 -6.582595774222295137e-01 5.782498575366710192e+00
-9.190684838599418038e-02 5.840465395835520851e-02 -6.055931664974637529e-01
6.714532833411583912e-01 1.948517687350568739e+00 1.100905256145744193e+00
-5.041126134024765726e+00 5.410293903410384964e+00 -1.526078922882124544e+01
2.753943355112913771e+00 3.092783486695724893e+00 -2.984228429747260325e+00
-1.819427331826778405e+00 -4.919286436164973964e+00 3.721064838923530349e+00
-6.154987143720252796e+00 9.550911766937707270e+00 -2.410788143626692914e+00
2.370922819702761419e+00 -1.552596104209560957e-01 -4.258572320903507347e+00
-4.202587378147024211e+00 -3.247395361788240287e+00 -1.233396208902599600e+00
1.289718398814009188e-03 -2.544234827989367287e-01 2.790353165751807696e-01
2.475622414325597820e+00 8.775114641755709100e-01 1.662005472848054000e+00
-1.656904752585618645e+00 1.128094428584458964e+00 1.808142369654460957e+00
-8.351616348338435081e-02 -2.403937489173403996e+00 -9.431280777378409086e-01
-4.784363510323187185e+00 -2.184851503317068122e+00 -8.435067881077112917e-01
-2.919034088639827829e+00 3.675245932767926771e+00 5.815892411916125937e+00
-7.943106875754328833e-01 5.458647475292945916e-01 7.745735446056983831e-01
-6.313897727530881632e-01 -2.307074671270634258e+00 -3.321941657949113724e-02
-2.387484825299971636e+00 -1.812740023923311794e+00 -4.590444125776606654e+00
7.396138446891055429e-02 4.661515863658912129e-01 -1.128784435437347078e+00
1.306805288479610283e+01 -4.412057462599913826e+00 1.157485360532090901e+01
4.058805335373437684e-01 -6.479174211317847432e-01 -2.285447467949609290e+00
3.952106675448243678e+00 -3.253303717516669913e+00 2.406276568351907397e+00
-1.026419343533654105e-01 -2.648376695761168520e+00 1.768792371864003510e+00
-1.077638527320532238e-02 2.001248444205316369e-03 1.451545420605896419e-01
-6.311843833314425112e+00 2.292634789669920181e+00 1.254814058899434537e+00
-5.944452212608463126e-01 -4.633101174229901642e-01 -4.711842098023191761e-02
1.205150665475081873e+00 1.729660567293805462e+00 7.862786633185286256e+00
8.746906090342609019e+00 5.938522376043582796e+00 2.696263282555689145e+00
4.385521952793805522e-01 1.893716219508152221e-01 1.248672073999321563e+00
-2.002216527052850914e+00 3.544761497031818642e+00 2.584942394158772583e+00
2.665226302963978000e+01 -8.908532302157894378e+00 -1.288286186650876353e+01
-1.594888515986042865e+00 5.040274882782664001e+00 -8.019023401344725244e+00
-1.426988044749944784e+00 -1.817370998329004728e+00 6.763175673241627051e-01
-2.383114357430601959e+00 3.701112143187859527e+00 -1.383807825664912450e+00
-9.783061064439270774e-03 -4.587259281095122654e-03 1.463550103506084006e-02
-4.025377833122130156e-01 -1.177696064515841412e+00 -2.215971773175780424e+00
1.009788416485474016e+01 -4.520921388820803521e+00 1.013159430655468540e+00
-1.396676393300940067e+00 -2.811592320188371907e+00 -5.123573884049265281e+00
-1.606793115500364078e+00 -7.719607601345901404e-01 -1.411305026664398499e+00
-1.300333068840550110e+00 -1.485806179641137925e+00 3.674713912581443420e+00
-4.480045328916781422e+00 -6.669658692569807812e+00 3.451263339323545676e+00
-3.826820319038749307e+00 1.480065346314932473e+00 -4.206419287938263918e-01
3.413778638651899788e-01 2.371646099913769845e+00 2.050582619197074852e+00
3.381369668220691738e-01 -1.640953205646299706e-01 -3.907587940761058642e-01
1.630399401661993819e+00 6.261890177378022670e+00 -1.929534700418884308e+00
3.907217208845207956e+00 -6.508470458995002872e+00 -4.278791072176752586e+00
-3.023425469397271304e+00 -2.417900503394998957e+00 4.788226499763391431e+00
-2.800171940243207924e+00 -1.869107022890889036e+00 5.603915597816363503e-01
5.595244842776125438e+00 2.605426087864740836e+00 2.820828863453363144e+00
1.326514406959002468e+00 -1.883517997641788844e+00 1.394320112237453113e+00
-3.946768774719775497e+00 -3.586931927018839339e+00 -4.930000845368547324e-01
4.398488091466066785e-01 2.717530130789013398e+00 -3.418466932140559189e-01
1.460584125571517677e-01 9.777445674571426437e+00 -9.673687643669795833e+00
2.120448778698950321e+00 5.211215703377662045e+00 1.919129659504920538e+00
4.023368994132809351e-01 -2.886321071817370409e+00 5.124230034398113975e-01
-2.463482864804278361e+00 3.208189631895969757e-02 -2.096529132584472599e+00
1.974915647748174130e-01 8.356160068537005214e-01 1.256194717572821196e+00
5.765336907245978137e-01 3.330649765749628677e-01 -6.787728287983093800e+00
-1.185931110739566890e-01 -3.961166439775308579e+00 1.050738683410122443e+00
-1.545449117452589327e+01 -2.909341092884027091e+00 -1.191089652411089261e+01
-4.540086147793982896e+00 -2.584627685017867105e+00 -1.797766228114623388e+00
-9.145754504496840243e-01 -1.434546356245863130e+00 -2.565898197035247352e-01
-4.852645307001171915e+00 6.367655606544957436e+00 4.079756854278863365e+00
1.956960823724597009e+00 5.206455190518737730e+00 -9.567134801034193003e+00
6.919125762564389825e-01 -1.425253035790735145e+00 -1.003360760710136912e+00
1.856369888512663102e-01 -1.064382072561014692e+00 -8.876509574487800869e-01
-1.248941863111139722e-01 1.514588117334113304e-01 7.027231102899890169e-01
4.009891559949237405e-01 -3.515742074636926784e+00 3.053392776024064670e+00
3.867759479543767309e+00 1.884233294444864315e+00 1.376100843225834591e+00
-4.616764895418366876e+00 -4.157708384858342932e+00 1.351906380339155689e+01
9.362257188069086355e-01 -2.123452329930482774e-01 2.578421086294024334e-01
1.561453992729639362e+00 5.056250186335760066e-01 -4.817229466466900867e+00
1.397472514841271884e+00 -5.567712927026398084e+00 -2.819931507990340869e+00
1.579821958345584143e+00 -2.100213228879439953e+00 -1.354396941986087066e+00
-3.792358928132308016e+00 -6.363594360288050922e+00 1.106953806643092975e+01
7.968195876187597615e-02 -5.992742193445817211e-02 -1.245296788052427661e-01
-2.848638785747008018e-01 -6.595398859894384402e-02 9.506734644115266697e-02
-9.603060751961871588e-01 -8.850073001188678290e-02 -6.755926722783371918e-01
-5.067162977732021512e-01 -3.787670391374522993e-02 -2.213629468409703260e-01
5.449414631244853258e-01 6.135391114390738032e-01 1.961816939679380048e-02
-1.952532236145998690e+00 -1.880385870664603498e+00 -3.021896963721634743e-01
3.658175298996897001e-02 9.693456211450625082e-01 -5.024756612677707679e-01
-5.222606022364887579e+00 9.135433054910794937e+00 -5.923179165656714318e+00
4.662853104957360273e+00 1.539600503891663807e+00 -2.986917533005772896e+00
2.589130538309209140e+00 2.452691198257309080e-01 -1.538410408554524933e+00
8.416536476683962320e-01 4.591330512776268691e+00 -3.535198712037514568e+00
2.189991800869667049e+00 8.445556767595083780e-01 1.531000950797553328e-01
6.073062431987229282e+00 1.873261368881196098e+00 -1.809513957232440795e+00
8.601713053574233658e-01 -7.248132129646808752e-02 1.934457962784073004e-01
2.554188598558694290e-01 -1.931578576847405637e+00 -6.571140903426637703e-01
-2.068697465871057073e+00 -1.560176715309247841e+00 2.618639243723969834e+00
4.206945671760760064e+00 1.834388809154747779e+00 -2.172692097653688759e+00
-7.480688820406733441e-02 6.939398512499966865e-01 -6.212584043575977155e-01
-5.953605685371655687e-01 -6.164849120465464294e-01 6.057436488114060769e-01
-2.463479971827598813e+00 -3.298628395473022779e-01 -2.795050117048887284e+00
-8.002741278607815589e-01 9.946065241044002581e-02 5.794706848853313497e-02
-5.108708296602979537e-01 -1.344876975432160338e+00 3.062455110735593511e+00
-7.690477986287908685e+00 -5.580878266634002216e+00 -8.205200467672258968e-01
9.780463766217595278e+00 -2.693424092344401277e+00 -2.513886477716793522e+00
2.615355618660318848e-01 -7.818900670442429091e-01 3.910686490726070774e-01
-2.025237455352423055e+00 -9.424534085058020039e-02 4.052372748256942714e-01
-3.832359867125403330e-01 -7.887487801247594632e-02 -1.437379071400481101e-01
-2.511505164402593415e+00 9.303441041087493701e+00 -5.577242896833951136e+00
-1.352592052761976138e+00 6.462589956323797624e-01 -2.866682778830744183e-01
-3.129742034575225262e-02 -1.032749558907901793e-01 -4.953791580522143856e-01
-1.308218450698309665e-01 -7.522565362414114498e-02 -2.777345601479836112e+00
-5.303089158946923398e-02 1.165830584539870596e-01 -7.922794974979074922e-02
-3.244411083043281518e-01 9.432309526943364331e-01 1.718503654757203292e-01
9.226004438759140669e+00 3.096219692995080042e+00 1.434956036099295673e+01
3.417554968387921943e-01 -3.503539426788165878e-02 -1.669352532466535921e-01
6.258610911447231473e+00 -6.119032283884773271e+00 -1.991818360266262689e+00
1.676190179078838327e-01 -1.683016448641313501e+00 -5.684730962512279717e+00
3.829605382161592075e+00 -8.337198264737012421e-01 -6.514482215733801596e+00
-6.250559358684828482e-01 -6.376220927937337191e-01 -3.978734826844972372e-01
1.640241980565612934e-01 6.818865385983385874e-01 2.248224856411756012e-01
-2.347305999270271837e+00 -4.630221822406487497e+00 1.139486350473366327e+00
5.297383749776041206e-01 -1.111863475751604519e-01 4.285122965891093871e-01
-5.667298194908990006e+00 1.782579822845447914e+00 -1.400344777903820281e+00
-8.354596351400688903e+00 3.629406109525415758e+00 -2.476403102924480137e+01
-3.738299324451673650e-02 7.477400590926127855e+00 4.219478861165121941e+00
1.177176805297107220e+00 -2.992979873127046275e+00 2.856786820750963685e+00
-6.489687661925608309e-01 -3.454618362535624154e-01 4.181995396006054078e-01
-1.140478901078106011e+00 1.687435118109721910e-01 1.952591987986914246e+00
4.632007177083766192e-01 3.929891835047734649e-01 3.843525298974834747e+00
7.443170213894841902e-01 -1.310953200804315877e+00 9.000461267559927592e+00
-6.237372313484657482e+00 -5.814251511572733122e+00 2.386319961447562310e+00
1.580100199398519478e-01 1.721066980268335822e+00 2.617489432398932614e+00
-2.144966526153314901e-02 -8.569884901184299242e-02 6.676486416578800154e-02
6.175149544178990535e-01 -2.608221428555904109e-01 3.066388946633516466e-01
1.621973836874706087e+00 4.134428456645974137e+00 -4.167580832520194067e-01
-9.735264813728042199e+00 1.261679147650145083e+01 -2.667330966018861105e+00
-1.847175847059987497e+00 7.163636217509847803e-01 -9.849555904462027334e-01
3.685172804583036754e-01 -3.240407736833059715e+00 2.230642137990372476e+00
6.583372096271673080e+00 -4.850797703353065593e+00 -1.832529466988263023e+00
2.510726719627882186e+00 -1.325474911121781929e+01 -1.808006427387218196e+01
6.291182410748412668e-01 -8.219856811858186063e-01 -5.657376098542339360e-01
-2.147947189092541453e+00 -1.923708407453517122e+00 -5.483629257895595188e+00
-1.968543859898639781e+00 1.807684826483635376e+00 2.392924010915831179e+00
6.775070014152901443e+00 1.846567885348879168e+00 -2.342630485556621345e+00
8.456354592364621059e-01 -6.620065191764612500e+00 9.188636417391602418e-01
1.674260445387560470e+00 -1.951901826803813966e+00 -3.093367642030807385e+00
-1.293881047064090239e+00 -1.119344319182711045e+00 -1.009307688547563808e+00
3.113769619150356660e-01 2.035134544488551356e+00 1.861431930889758890e+00
-2.660306337861170878e+00 -8.678430287513448249e+00 -1.055682999573496872e+00
3.830281040730032505e-01 1.195404191552056211e-01 1.076876037077043047e-01
-1.569618536026813060e-01 -3.952643985529424309e-01 5.145821774760713785e-01
-1.674714854330227043e+00 -2.985400275868330233e+00 5.978775903496986288e+00
-8.031752435235233190e-01 -2.074598465105018885e+00 9.780272893897227204e-01
1.638302022144414893e+00 1.216022039175873592e+00 6.533961151260060385e-01
6.970752187499159591e-01 -2.604184942092854449e+00 5.883485546661089138e+00
-2.626578524530328584e-01 9.387382798474294132e-01 -1.030513234442499287e-01
-9.798513991963923031e-01 -1.020472126409489588e+00 2.014092935886634628e+00
-3.372715529222177544e+00 -3.628631902029381351e+00 -4.082313362010822289e+00
4.539064573711329431e-01 1.741012129142948672e-01 -2.930956118125677481e-02
-9.439180218574934500e+00 2.768604954115478911e+00 -1.040073698495520915e+01
-8.886223340411303351e-01 -3.268259726018175049e-01 -1.375177613683946642e+00
1.471972408453614545e+00 -4.737046743338518162e+00 9.645064052730795146e-01
1.411015630770064311e+00 1.690118130667240148e+00 5.672766186576969627e-01
-4.009297540464336507e+00 1.444837246771069239e+01 9.449901242259731049e+00
1.981421965958954701e+00 9.169266243141962480e-01 -8.510392978039625911e-01
1.365979310035347005e+00 -1.132534707196638957e+00 -1.322583701374673293e+00
2.409076664392156886e+01 1.474124805372745151e+01 -1.369297586464500682e+01
4.916905769821039995e-01 -6.347951814955490768e+00 -4.221842309960962325e+00
8.587866043701243512e+00 1.443807420103783608e-02 5.897738924229392943e+00
5.585747621299257393e-01 -5.952380802186163500e-01 3.915588256030692271e+00
3.511631229364847062e+00 2.756647396124491056e+00 1.041948936279490701e+00
-8.609197633805679928e+00 -4.088610985561130562e+00 -4.452549654505937760e+00
2.320205435613744704e-01 -9.429513945083460580e-02 -2.352263953443078648e-01
-1.245411907553505060e+00 1.068243096680416393e+00 3.187031048728543592e-01
-6.033392758666081823e-01 7.354224604106049390e-02 -9.723083790754789846e-02
1.511893966858394167e+00 -1.943476669755653807e-01 -5.454942038123301806e+00
-9.750531110167282023e-01 -3.535832055041266964e-01 1.736565248998992228e+00
8.838159857666251229e-01 1.669546362661056937e+00 -1.590340366755460880e-02
-3.330565622067708897e+00 -2.247144544232603014e+00 -1.062251937305801697e+00
6.948093430669730175e+00 1.777909841664202739e+00 -3.831715961400394832e+00
6.707864524685083762e-02 2.922452572403952065e+00 -1.342076553173496389e+00
-1.506833909708229502e+00 4.771803625866741783e-01 1.286277119363616217e+00
7.072128582025546395e-01 -2.752451875831012806e+00 -3.216803638292792478e+00
3.169039178557286340e-01 -4.311023487915210395e-01 3.410494045787096362e-02
-4.430061863596659877e-01 5.570008623114312135e-02 4.018869646902169523e-01
6.008136027104162835e-01 -1.373561898517415836e+00 2.049698747990446712e+00
6.217677474967016060e+00 -4.906189936475795932e+00 1.865507004567802163e+00
6.386749909397591907e+00 -5.705673545955936454e+00 -2.479672675083416933e-01
6.595997313482304669e-02 -1.940893471236785794e+00 -7.684723951596404978e-01
-1.197955216524952959e-01 1.880020596320674531e-01 2.050770748270554777e-01
1.929486553217087286e+00 -4.639971167614229230e+00 3.201527128624292562e+00
-7.025438545318027472e+00 7.295440987957227286e+00 -2.123623039312504623e+00
-3.420892904360704811e+00 -9.337631748364086937e-01 6.993573531111004771e-01
-2.811019436644301539e+00 2.505044737512748809e-01 -6.585241878640124558e-01
-1.994417166055565627e+00 1.178282630065919490e+00 -3.270527361948333933e+00
6.253066249174887403e+00 5.489477456646689735e-01 -3.635487151953496365e+00
3.986132966970426517e-01 1.333374036704159771e+00 1.711666333759686243e+00
-6.078149198603685077e-01 -6.902812024672365654e-01 9.811222604400410274e-01
-1.999834664398593809e+00 -4.236100481416245955e+00 1.276352678507577387e+00
5.622570300710282076e+00 -2.727386279801045976e+00 -2.116630036703432527e+00
-7.026936460042501609e-02 -1.597160646716772048e-01 -6.783162341694840003e-02
-1.056632437998056950e+00 -1.320067041259266105e+00 1.128360777398242698e+00
-2.736508156245308701e-02 7.857765564374750156e-01 3.099225214592723487e-01
4.848010755752278633e-02 -8.749845205678585813e-02 -5.420595697965550075e-01
2.242495829151631981e-01 -9.333123666991613998e-01 9.456402439542430649e-01
5.204108935055424823e-01 -3.497451961229649964e+00 -2.131619034033910509e+00
8.342319948315680023e+00 -2.248505773447910805e+00 4.259158516563153363e+00
2.787992919741585585e+00 -3.953659725972469285e-01 8.800612480271340354e-01
-4.358055948519460321e-01 -4.567328945634636650e-01 2.075131256364937116e-01
6.824796904572978384e+00 5.563836073506752689e-01 2.873124147653309812e+00
4.078386389603620710e-02 -2.366767095127763620e-01 1.500904726678525536e-01
2.239889494388667968e-01 2.357957166659348583e-02 -1.857076643263313731e-01
-3.911570183232602194e+00 -3.117606369707438319e+00 -6.192532503422960133e+00
1.657256038998953462e+00 3.793621189183566056e+00 4.509225019209976537e+00
9.136967207713928563e-01 2.465329578812476274e+00 1.578517614333454722e+00
1.252007921898997456e+00 -4.837622155590745043e-01 -1.097980822050090843e+01
6.452786282414081365e-01 -1.320476121803640934e-01 -1.453345374234315868e+00
9.401076450851435506e-01 4.777358035548922022e-01 1.238898727545334255e+00
-8.213976005067594732e-01 1.151492027153867781e+00 2.040119431206925515e+00
-1.273567634353654221e-01 2.906343296496652684e+00 2.528455836756102304e+00
6.600872574582855590e-01 7.278607040855217258e-02 -2.006535471667888482e-01
2.419003444708172523e+00 7.913903076926033231e-01 8.905783841261371014e-01
-1.846903973114978614e-01 1.072629201713583891e+00 -2.001581518407877347e+00
-9.863671761704302376e-01 -8.133842128834613661e+00 -4.963547305062731674e+00
-4.746734331971119158e-01 2.924221640593009486e+00 6.371116912102183782e+00
-3.130859153846509368e+00 -2.910718332664437469e+00 2.732513805341554303e+00
-9.582976278184412999e-01 1.030779536642787431e+00 -1.745324260166310815e+00
1.820242421084735218e+00 -6.016618325816253110e-01 1.363869560454378682e+00
-7.473033116341122550e+00 -3.694466995370044859e+00 1.306538365241619104e+01
2.650634869723432763e-01 -1.755869403933759010e+00 1.517083079026516401e+00
-2.286539901551044363e+00 -8.215331951922785758e-02 -7.033979602823098309e-01
2.382313789627082290e+00 1.313659038820399694e+00 1.319272752485713823e-02
4.744117452897288700e+00 4.255863133592809433e+00 -2.899335360294085007e+00
-6.377387375102707701e-01 -5.714051737136616183e+00 1.485172207391570298e+00
6.392062636003670306e-01 -5.093510252569323216e-01 1.013302893313416941e+00
-5.170568903551039375e-01 2.956671559349604461e+00 -7.411629514797918317e-01
2.285071783007247781e+00 1.144475423424251570e+00 4.770247859827020931e-01
2.434014701857689644e+00 -6.234098653170141308e-02 -1.335364922303966528e+00
-1.086537171733598539e+00 7.205726305808934917e-01 1.544992713960391173e+00
1.561049680626328984e+00 -3.164045975913645226e+00 1.206212818996915237e+00
6.289259326109311043e-01 2.317022577988272047e+00 -3.540558405629909533e+00
1.333539161503970671e+00 4.025252412500394672e-01 1.293744924436625698e+00
1.651846309583565819e+00 -5.524514363705062436e+00 4.045617747197090885e+00
-3.850243007497577974e-02 7.529290078339792580e-02 -3.751111441177296807e-02
-1.917990509964432322e-01 -2.633101475832008154e-01 -9.149699037694905557e-02
6.273771025487487663e+00 -9.319555437201090697e+00 -1.391055130248154192e+00
4.117301708138287886e-02 9.101266789169567550e-01 -2.080661616725144381e+00
-3.115155359650095601e+00 1.418163559428699427e+00 -4.194076696064792942e-01
7.145085399860236386e+00 -1.570011793513588882e+00 5.503197859206381715e+00
-6.109822317855809759e-01 -3.353738870237372161e-01 2.208517496151995552e+00
-4.730956443414489065e-01 -1.304470725102251816e+00 1.537003689982929133e+00
-1.284573564957097958e+00 -2.966508874373752658e+00 2.119988599525988171e+00
1.681885344652537251e+00 1.988701773450509469e+00 2.768726260271346717e+00
1.937230025773219122e+00 2.442773752402043641e+00 2.427642080201349861e-01
2.258016922934925841e+00 3.087712846908652331e+00 5.798655183764410026e+00
3.870463761693217819e+00 1.541048666718940918e+00 8.662206870269175241e+00
-3.957046147936036817e+00 -1.095955693474889747e+00 4.246453428550012177e+00
-4.905686342490468199e+00 -2.106936559501363160e+00 5.504196065951912686e+00
-1.118012037438673056e+00 -2.604404491207927386e+00 -2.005406528781998432e+00
3.130980805426778479e-01 7.574799082369159109e+00 -4.114180885016642364e+00
5.176488913685413085e-01 -5.295074744776618880e-01 2.365386152312108081e-01
-4.762525067889571417e+00 9.909080562886530830e-01 1.110425807367112494e+00
1.183470339928133974e+01 6.183738427039984576e-04 -7.063066123758811266e+00
-6.211142573639725661e+00 -1.083570825062208165e+01 1.797006438533771400e+00
1.258461273955564508e+00 5.972766401544043369e+00 1.124618744176062446e+00
6.971175418028239257e+00 -2.941591877496959384e+00 2.492166271283197787e+00
9.117123101600173030e-01 -7.674380203248667431e-01 -5.659083595337378592e-01
7.620450541073899853e-01 2.897863963465220905e-01 6.061048777471143900e+00
-1.284791743822746302e+00 -4.048082561199815022e-01 4.104381835392161282e-01
